3,2
3,1
3,3
10,29
10,259
10,93
10,247
10,177
10,123
10,181
10,255
10,3
9,5
8,5
8,10
8,7
8,13
8,14
8,2
8,3
143,3
143,2
143,1
143,0
140,10
140,9
140,8
140,7
140,6
140,5
140,4
140,3
140,2
140,1
140,0
136,3
136,1
135,3
135,2
135,1
134,3
134,2
134,1
131,4
131,3
131,1
130,5
130,3
130,1
129,4
129,3
129,1
128,3
128,2
128,1
127,4
127,3
127,2
127,1
126,3
126,1
20,3
20,2
20,1
19,3
19,2
19,1
18,3
18,1
14,3
14,1
13,3
13,1
12,3
12,2
12,1
11,27
11,26
11,25
11,24
11,23
11,22
11,21
11,20
11,19
11,18
11,17
11,16
11,15
11,13
11,12
11,11
11,9
11,7
11,6
11,5
11,4
11,3
11,2
11,1
10,302
10,290
10,283
10,278
2,2
10,264
10,258
2,1
10,254
2,3
10,246
10,244
10,236
10,216
10,208
10,205
10,204
10,172
10,170
10,169
